run_142, 8, [1982 2438 3187 1478 1827 1983 1466 1679], ['elu', 'elu', 'relu', 'relu', 'relu', 'relu', 'relu', 'relu'], [0.5, 0.2, 0.1, 0.2, 0, 0.1, 0.3, 0.2], [0, 1, 1, 0, 0, 1, 0, 1], 32768, 54.51

run_115, 7, [1076  328 1174  835  434  220 2004], ['elu', 'tanh', 'tanh', 'elu', 'relu', 'elu', 'relu'], [0.1, 0.4, 0.5, 0.2, 0, 0.1, 0.2], [1, 1, 1, 1, 1, 1, 1], 65536, 46.58

run_146, 6, [2473 1740 2166 2494 3718 3773], ['relu', 'tanh', 'elu', 'tanh', 'relu', 'relu'], [0.5, 0, 0.1, 0.3, 0.2, 0], [1, 1, 0, 1, 1, 1], 32768, 52.51
run_129, 6, [1761 1255 1095  762 2166 1007], ['relu', 'elu', 'relu', 'relu', 'tanh', 'relu'], [0.3, 0.1, 0.3, 0, 0.1, 0], [1, 0, 1, 0, 1, 1], 8192, 51.95
run_168_1keyErr, 6, [1058 1772 2252 1687 3399 1142], ['elu', 'tanh', 'relu', 'tanh', 'tanh', 'elu'], [0.4, 0.1, 0.4, 0.1, 0.3, 0.3], [0, 1, 1, 1, 0, 1], 32768, 45.96
run_116_2keyErr, 6, [2317 2402  999  647 1015 1742], ['relu', 'relu', 'tanh', 'tanh', 'elu', 'relu'], [0.5, 0.4, 0.1, 0.4, 0.5, 0.1], [1, 0, 0, 1, 0, 1], 65536, 44.27

fineTune_83_1, 5, [996, 605, 2029, 2485, 1378], ['tanh', 'tanh', 'elu', 'relu', 'elu'], [0.4, 0.3, 0.4, 0.2, 0], [1, 1, 1, 1, 1], 8192, 46.31
run_83_2keyErr, 5, [ 996  605 2029 2485 1378], ['tanh', 'tanh', 'elu', 'relu', 'elu'], [0.4, 0.3, 0.4, 0.2, 0], [0, 1, 0, 0, 1], 8192, 42.74

run_136, 4, [1567 2270 2672 2250], ['relu', 'elu', 'elu', 'elu'], [0.3, 0.5, 0, 0], [0, 0, 1, 1], 16384, 51.91
run_161, 4, [1274 1657 1290 3613], ['elu', 'elu', 'relu', 'relu'], [0.1, 0.3, 0.1, 0.4], [0, 0, 0, 1], 16384, 50.69
run_153, 4, [2656 3806 1882 1070], ['tanh', 'elu', 'relu', 'elu'], [0.5, 0.2, 0, 0], [1, 1, 1, 1], 4096, 52.50

run_117, 3, [1707 1428 1945], ['elu', 'elu', 'relu'], [0.5, 0.5, 0.1], [0, 1, 0], 65536, 46.81
fineTune_92_1_1keyErr, 3, [2377, 1658, 1802], ['relu', 'elu', 'relu'], [0.1, 0.1, 0.5], [1, 1, 1], 2048, 52.71
fineTune_92_2_1keyErr, 3, [2377, 1658, 1802], ['relu', 'elu', 'relu'], [0.2, 0.2, 0.5], [1, 1, 1], 2048, 50.19
run_128_1keyErr, 3, [1946 2182 1833], ['elu', 'elu', 'relu'], [0.3, 0.2, 0.2], [0, 1, 0], 4096, 49.83
run_143_1keyErr, 3, [2690 2266 1543], ['relu', 'tanh', 'elu'], [0.5, 0.1, 0.4], [1, 1, 1], 2048, 45.38
run_92_1keyErr, 3, [2377 1658 1802], ['relu', 'elu', 'relu'], [0.1, 0.1, 0.5], [1, 1, 0], 2048, 50.59
